336 201
401 442
1050 804
1160 380
780 406
350 423
756 889
521 556
989 754
323 889
656 421
989 223
434 667
1076 643
545 778
336 201
401 442
1050 804
1160 380
780 406
350 423
756 889
521 556
989 754
323 997
656 412
989 234
434 667
1076 643
545 778
1199 211
422 433
977 988
866 1099
644 655
311 544
434 667
767 990
1187 421
743 976
989 223
323 556
989 112
545 778
1101 334
767 990
410 643
1076 421
632 209
1076 643
1187 754
545 778
298 865
743 310
1187 754
521 198
767 990
434 667
1090 223
656 889
212 445